48 40
1666116661166611666116661166611666116661
6111661116611166111661116611166111661116
1666116661166611666116661166611666116661
1666116661166611666116661166611666116661
6111661116611166111661116611166111661116
1666116661166611666116661166611666116661
1666116661166611666116661166611666116661
6111661116611166111661116611166111661116
1666116661166611666116661166611666116661
1666116661166611666116661166611666116661
6111661116611166111661116611166111661116
1666116661166611666116661166611666116661
1666116661166611666116661166611666116661
6111661116611166111661116611166111661116
1666116661166611666116661166611666116661
1666116661166611666116661166611666116661
6111661116611166111661116611166111661116
1666116661166611666116661166611666116661
1666116661166611666116661166611666116661
6111661116611166111661116611166111661116
1666116661166611666116661166611666116661
1666116661166611666116661166611666116661
6111661116611166111661116611166111661116
1666116661166611666116661166611666116661
1666116661166611666116661166611666116661
6111661116611166111661116611166111661116
1666116661166611666116661166611666116661
1666116661166611666116661166611666116661
6111661116611166111661116611166111661116
1666116661166611666116661166611666116661
1666116661166611666116661166611666116661
6111661116611166111661116611166111661116
1666116661166611666116661166611666116661
1666116661166611666116661166611666116661
6111661116611166111661116611166111661116
1666116661166611666116661166611666116661
1666116661166611666116661166611666116661
6111661116611166111661116611166111661116
1666116661166611666116661166611666116661
1666116661166611666116661166611666116661
6111661116611166111661116611166111661116
1666116661166611666116661166611666116661
1666116661166611666116661166611666116661
6111661116611166111661116611166111661116
1666116661166611666116661166611666116661
1666116661166611666116661166611666116661
6111661116611166111661116611166111661116
1666116661166611666116661166611666116661